10|0000|0000000001111|0000000000110|
11|0000|0000000000000|0000000001110|
11|0000|0000000000001|0000000001110|
11|0000|0000000000000|0000000000000|
11|0000|0000000000000|0000000000001|
11|0000|0000000000000|0000000000010|
11|0000|0000000000001|0000000000011|
11|0000|0000000000001|0000000000101|
11|0000|0011111100110|0000000000100|
10|0000|0000000000110|0000000001001|
10|0101|0000000000111|0000000001001|
11|0000|0011001101000|0000000001010|
11|0111|0000000001010|0000000001010|
11|0101|0000000001001|0000000001010|
11|0111|0000000001010|0000000001010|
11|0101|0000000001001|0000000001010|
11|0111|0000000001010|0000000001010|
11|0101|0000000000101|0000000001010|
11|0111|0000000001010|0000000001010|
11|0101|0000000000010|0000000001010|
11|0111|0000001100100|0000000001010|
10|0110|0000000001010|0000000001001|
11|0000|0001101100000|0000000001011|
11|0111|0000001100100|0000000001011|
11|0110|0000000000001|0000000001011|
11|0000|0111000010000|0000000001100|
11|0110|0000000000001|0000000001100|
11|0000|0000000111101|0000000001101|
11|0000|0000000011111|0000000001010|
10|0111|0000000001011|0000000001010|
10|1100|0000000001001|0000000001010|
11|1110|0000001100001|0000000000000|
10|0110|0000000001010|0000000001001|
11|0101|0000000000001|0000000000101|
11|0000|0000000011100|0000000001010|
10|0111|0000000001011|0000000001010|
10|1100|0000000001001|0000000001010|
11|1110|0000001100001|0000000000000|
10|0110|0000000001010|0000000001011|
11|0101|0000000000001|0000000000101|
11|0000|0000000011111|0000000001010|
10|0111|0000000001011|0000000001010|
10|1100|0000000001001|0000000001010|
11|1110|0000001100001|0000000000000|
10|0110|0000000001010|0000000001011|
11|0101|0000000000001|0000000000101|
11|0000|0000000011110|0000000001010|
10|0111|0000000001011|0000000001010|
10|1100|0000000001001|0000000001010|
11|1110|0000001100001|0000000000000|
10|0110|0000000001010|0000000001011|
11|0101|0000000000001|0000000000101|
11|0000|0000000011111|0000000001010|
10|0111|0000000001011|0000000001010|
10|1100|0000000001001|0000000001010|
11|1110|0000001100001|0000000000000|
10|0110|0000000001010|0000000001011|
11|0101|0000000000001|0000000000101|
11|0000|0000000011110|0000000001010|
10|0111|0000000001011|0000000001010|
10|1100|0000000001001|0000000001010|
11|1110|0000001100001|0000000000000|
10|0110|0000000001010|0000000001011|
11|0101|0000000000001|0000000000101|
11|0000|0000000011111|0000000001010|
10|0111|0000000001011|0000000001010|
10|1100|0000000001001|0000000001010|
11|1110|0000001100001|0000000000000|
10|0110|0000000001010|0000000001011|
11|0101|0000000000001|0000000000101|
11|0000|0000000011111|0000000001010|
10|0111|0000000001011|0000000001010|
10|1100|0000000001001|0000000001010|
11|1110|0000001100001|0000000000000|
10|0110|0000000001010|0000000001011|
11|0101|0000000000001|0000000000101|
11|0000|0000000011110|0000000001010|
10|0111|0000000001011|0000000001010|
10|1100|0000000001001|0000000001010|
11|1110|0000001100001|0000000000000|
10|0110|0000000001010|0000000001011|
11|0101|0000000000001|0000000000101|
11|0000|0000000011111|0000000001010|
10|0111|0000000001011|0000000001010|
10|1100|0000000001001|0000000001010|
11|1110|0000001100001|0000000000000|
10|0110|0000000001010|0000000001011|
11|0101|0000000000001|0000000000101|
11|0000|0000000011110|0000000001010|
10|0111|0000000001011|0000000001010|
10|1100|0000000001001|0000000001010|
11|1110|0000001100001|0000000000000|
10|0110|0000000001010|0000000001011|
11|0101|0000000000001|0000000000101|
11|0000|0000000011111|0000000001010|
10|0111|0000000001011|0000000001010|
10|1100|0000000001001|0000000001010|
10|1100|0000000001001|0000000001011|
11|1110|0000001100110|0000000000000|
11|0101|0000000000001|0000000000011|
10|0110|0000000001011|0000000001001|
00|1110|0000001100001|0000000000000|
10|1100|0000000001001|0000000001100|
11|1110|0000001101011|0000000000000|
11|0101|0000000000001|0000000000010|
10|0110|0000000001100|0000000001001|
00|1110|0000001100110|0000000000000|
10|1100|0000000001001|0000000001101|
11|1110|0000001110000|0000000000000|
11|0101|0000000000001|0000000000001|
10|0110|0000000001101|0000000001001|
00|1110|0000001101011|0000000000000|
11|0000|0000000111100|0000000001101|
10|1100|0000000001101|0000000001001|
10|1110|0000001110101|0000000000000|
10|0000|0000000001001|0000000000000|
00|1110|0000001110111|0000000000000|
11|0000|0000000000000|0000000000000|
11|0101|0000000000001|0000000000001|
11|0000|0000000000001|0000000001101|
01|0000|0000000000010|0000000001101|
11|0101|0000000000001|0000000001101|
01|0000|0000000000001|0000000001101|
11|0101|0000000000001|0000000001101|
01|0000|0000000000000|0000000001101|
11|0101|0000000000001|0000000001101|
01|0000|0000000000011|0000000001101|
11|0101|0000000000001|0000000001101|
01|0000|0000000000101|0000000001101|
11|0101|0000000000001|0000000001101|
01|0000|0000000000100|0000000001101|
11|0101|0000000000001|0000000000111|
00|1110|0000000000000|0000000000000|
